// MilkShape 3D ASCII

Frames: 30
Frame: 1

Meshes: 1
"frame" 1 0
24
4   0    0 0 512 512 0
4 512    0 0 512 512 0
4   0  190 0 512 512 0
4 512  190 0 512 512 0
4 116  190 0 512 512 0
4   0  230 0 512 512 0
4 116  230 0 512 512 0
4 396  190 0 512 512 0
4 512  190 0 512 512 0
4 396  230 0 512 512 0
4 512  230 0 512 512 0
4 512  230 0 512 512 0
4   0  512 0 512 512 0
4 512  512 0 512 512 0
4 116  190 0 512 512 0
4 396  190 0 512 512 0
4 116  230 0 512 512 1
4 396  230 0 512 512 1
4   0  258 0 512 512 0
4 116  258 0 512 512 0
4 396  258 0 512 512 0
4 512  258 0 512 512 0
4 116  258 0 512 512 1
4 396  258 0 512 512 1
1
0.000000 0.000000 1.000000
14
0 0 1 2 0 0 0 0
0 1 2 3 0 0 0 0
0 2 4 18 0 0 0 0
0 4 18 19 0 0 0 0
0 7 8 20 0 0 0 0
0 8 20 21 0 0 0 0
0 18 21 12 0 0 0 0
0 21 12 13 0 0 0 0
0 14 16 15 0 0 0 0
0 16 15 17 0 0 0 0
0 16 22 23 0 0 0 0
0 16 23 17 0 0 0 0
0 19 20 22 0 0 0 0
0 22 23 20 0 0 0 0

